n 32
m 3
tmax 200
0	54	0	0	0	0	0	0	0
84	93	10	9	10	12	12	12	12
54	27	6	6	7	7	7	7	7
82	73	9	10	8	11	12	12	12
33	16	9	9	7	10	10	10	10
45	32	9	9	9	11	11	11	11
79	97	11	9	10	13	13	13	13
12	42	11	9	10	13	13	13	13
30	52	10	5	9	10	10	10	10
12	29	10	8	10	10	10	10	10
45	11	4	7	7	7	7	7	7
98	42	9	8	9	10	10	10	10
13	62	11	9	11	12	12	12	12
38	46	9	8	6	9	10	10	10
40	78	10	11	9	12	12	12	13
91	36	9	9	7	10	10	10	10
20	61	9	10	8	11	11	11	11
50	78	10	11	10	12	13	13	13
26	92	11	10	11	13	13	13	13
2	43	8	7	8	9	9	9	9
75	3	7	6	6	7	7	7	7
6	72	10	10	10	12	12	12	12
28	53	9	5	9	10	10	10	10
50	88	11	9	9	12	12	12	12
49	46	8	10	10	11	11	11	11
11	37	8	7	8	8	8	8	8
99	6	10	11	11	13	13	13	13
75	46	10	10	9	12	12	12	12
97	64	7	10	9	11	11	11	11
9	77	10	9	10	11	11	11	11
73	86	9	9	10	11	11	11	11
100	21	0	0	0	0	0	0	0
