n 64
m 3
tmax 300
0	59	0	0	0	0	0	0	0
84	81	8	3	8	8	8	8	8
54	26	10	9	9	11	11	11	11
82	34	9	5	8	10	10	10	10
33	84	7	8	8	8	9	9	9
45	58	6	6	6	6	7	7	7
79	51	10	8	10	10	11	11	11
12	68	8	8	8	9	9	9	9
30	51	10	10	11	12	13	13	13
12	99	11	8	11	12	12	12	12
45	76	11	8	11	12	12	12	12
98	5	8	7	8	9	9	9	9
13	14	10	6	9	11	11	11	11
38	55	6	7	7	8	8	8	8
40	82	8	9	8	10	10	10	10
91	6	10	6	9	11	11	11	11
20	69	8	10	7	10	11	11	11
50	76	10	9	8	11	11	11	11
26	79	9	10	10	11	11	11	11
2	88	10	9	10	11	11	11	11
75	19	8	10	10	11	12	12	12
6	56	9	6	9	9	9	9	9
28	81	7	6	7	7	8	8	8
50	36	7	7	7	8	8	8	8
49	19	11	7	10	12	12	12	12
11	48	8	10	10	11	11	11	11
99	8	5	6	6	6	6	6	6
75	22	5	8	8	8	8	8	8
97	86	11	8	9	12	12	12	12
9	67	10	10	11	12	12	12	12
73	86	11	9	11	12	12	12	12
29	84	9	10	10	11	11	11	11
54	88	10	8	9	11	11	11	11
93	31	6	6	6	7	7	7	7
27	47	8	11	11	11	12	12	12
73	62	9	8	6	10	10	10	10
16	27	8	7	8	8	8	8	8
32	92	9	5	8	10	10	10	10
97	0	9	11	10	12	12	12	12
42	84	11	10	11	13	13	13	13
52	65	11	8	7	11	11	11	11
29	25	11	10	11	13	13	13	13
11	72	9	11	11	12	13	13	13
42	41	10	7	8	11	11	11	11
62	84	7	4	5	7	7	7	7
46	100	8	8	4	9	9	9	9
78	28	9	9	10	11	11	11	11
36	47	8	6	8	9	9	9	9
61	21	10	10	9	12	12	12	12
78	69	11	9	10	12	12	12	12
92	64	10	7	9	10	10	10	10
43	85	8	10	10	11	12	12	12
3	81	7	8	8	8	8	8	8
72	98	7	9	6	9	9	9	9
53	97	9	10	11	11	11	11	11
88	90	8	7	8	9	9	9	9
46	15	11	8	10	12	12	12	12
37	4	9	5	8	9	9	9	9
6	48	8	7	7	8	8	8	8
46	34	9	5	8	9	9	9	9
64	90	9	11	9	12	12	12	12
77	80	11	7	8	11	11	11	11
86	42	9	9	9	10	10	10	10
100	58	0	0	0	0	0	0	0
