n 64
m 2
tmax 300
0	37	0	0	0
41	6	5	7	7
65	46	9	7	9
55	64	11	10	13
8	77	4	5	6
2	86	6	4	6
87	21	9	9	10
76	59	11	10	13
84	81	5	6	6
54	26	10	10	12
82	34	7	8	9
33	84	9	10	12
45	58	7	7	8
79	51	11	9	12
12	68	12	10	14
30	51	6	9	9
12	99	8	10	11
45	76	9	10	11
98	5	10	9	11
13	14	9	11	12
38	55	7	9	10
40	82	4	4	4
91	6	8	7	8
20	69	7	4	8
50	76	7	10	10
26	79	8	8	9
2	88	6	6	7
75	19	11	10	13
6	56	10	10	12
28	81	8	11	12
50	36	11	8	12
49	19	9	10	11
11	48	7	4	7
99	8	9	10	11
75	22	11	10	13
97	86	8	8	9
9	67	11	9	12
73	86	8	10	10
29	84	7	9	10
54	88	8	9	9
93	31	8	10	11
27	47	8	8	9
73	62	10	11	13
16	27	11	10	13
32	92	10	7	11
97	0	11	10	12
42	84	9	7	10
52	65	6	7	7
29	25	6	6	7
11	72	7	6	7
42	41	7	8	9
62	84	12	10	13
46	100	8	11	11
78	28	7	3	7
36	47	10	11	13
61	21	9	8	9
78	69	10	10	12
92	64	8	4	9
43	85	10	11	12
3	81	10	10	12
72	98	10	11	13
53	97	11	9	13
88	90	11	7	11
100	15	0	0	0
