n 32
m 4
tmax 300
0	42	0	0	0	0	0	0	0	0	0	0	0	0	0	0	0
30	52	9	9	7	9	10	10	9	10	10	10	10	10	10	10	10
12	29	8	7	8	7	9	9	8	9	8	9	9	9	9	9	9
45	11	7	3	7	7	8	8	7	8	7	8	8	8	8	8	8
98	42	9	9	7	8	10	10	9	10	10	10	10	10	10	10	10
13	62	8	10	10	8	10	10	9	10	10	10	10	10	10	10	10
38	46	7	10	9	7	11	11	8	11	11	11	11	11	11	11	11
40	78	10	10	10	10	12	12	11	12	12	12	12	12	12	12	12
91	36	9	7	9	9	10	10	9	10	10	10	10	10	10	10	10
20	61	9	10	11	8	12	12	10	12	11	12	12	12	12	12	12
50	78	11	10	11	11	13	13	12	13	13	13	13	13	13	13	13
26	92	11	8	11	11	12	12	11	12	12	12	12	12	12	12	12
2	43	8	10	8	7	11	11	8	11	11	11	11	11	11	11	11
75	3	7	5	7	7	8	8	7	8	8	8	8	8	8	8	8
6	72	8	8	8	7	9	9	8	9	9	9	9	9	9	9	9
28	53	9	9	10	9	10	11	9	11	10	11	11	11	11	11	11
50	88	7	10	9	7	11	11	8	11	11	11	11	11	11	11	11
49	46	10	8	7	10	10	11	10	10	10	10	11	10	11	11	11
11	37	8	8	9	8	9	10	8	10	9	10	10	9	10	10	10
99	6	5	6	6	4	7	7	5	7	6	7	7	7	7	7	7
75	46	9	7	7	9	9	9	9	9	9	9	9	9	9	9	9
97	64	11	10	10	11	12	13	11	13	12	13	13	12	13	13	13
9	77	10	10	9	9	12	12	10	12	12	12	12	12	12	12	12
73	86	10	9	10	10	11	11	10	11	11	11	11	11	11	11	11
29	21	11	10	11	11	13	14	12	13	13	14	14	13	14	14	14
54	59	9	4	8	8	9	9	9	9	9	9	9	9	9	9	9
93	81	8	10	10	8	11	12	9	12	11	12	12	12	12	12	12
27	26	4	3	3	4	4	4	4	4	4	4	4	4	4	4	4
73	34	10	9	10	10	12	12	11	12	11	12	12	12	12	12	12
16	84	7	7	7	7	7	7	7	7	7	7	7	7	7	7	7
32	58	6	9	9	6	9	9	7	9	9	9	9	9	9	9	9
100	51	0	0	0	0	0	0	0	0	0	0	0	0	0	0	0
