n 64
m 4
tmax 300
0	68	0	0	0	0	0	0	0	0	0	0	0	0	0	0	0
30	51	11	11	11	10	13	14	11	14	13	14	14	13	14	14	14
12	99	7	10	9	7	11	11	8	11	11	11	11	11	11	11	11
45	76	10	11	11	9	12	12	10	12	12	12	12	12	12	12	12
98	5	7	7	5	6	8	8	7	8	8	8	8	8	8	8	8
13	14	9	7	9	9	10	10	9	10	10	10	10	10	10	10	10
38	55	11	10	11	10	13	13	11	13	12	13	13	13	13	13	13
40	82	8	10	11	8	11	11	9	11	11	11	11	11	11	11	11
91	6	8	6	7	8	9	9	8	9	9	9	9	9	9	9	9
20	69	9	6	8	9	9	9	9	9	9	9	10	9	9	10	10
50	76	10	8	9	10	11	11	11	11	11	11	11	11	11	11	11
26	79	9	6	7	8	9	9	9	9	9	9	9	9	9	9	9
2	88	2	2	1	2	2	2	2	2	2	2	2	2	2	2	2
75	19	5	7	6	4	8	8	5	8	8	8	8	8	8	8	8
6	56	8	10	8	8	11	11	9	11	11	11	11	11	11	11	11
28	81	11	8	8	10	11	12	11	12	11	12	12	12	12	12	12
50	36	8	6	8	8	9	9	9	9	9	9	9	9	9	9	9
49	19	10	7	6	10	10	10	10	10	10	10	10	10	10	10	10
11	48	11	6	8	10	11	11	11	11	11	11	11	11	11	11	11
99	8	9	10	10	8	11	11	9	11	11	11	11	11	11	11	11
75	22	4	7	7	3	7	8	5	8	7	8	8	7	8	8	8
97	86	5	7	6	5	7	7	5	7	7	7	7	7	7	7	7
9	67	7	8	5	7	9	9	8	9	9	9	9	9	9	9	9
73	86	10	10	10	9	12	12	10	12	12	12	12	12	12	12	12
29	84	11	9	10	10	12	12	11	12	12	12	12	12	12	12	12
54	88	10	9	9	9	11	11	10	11	11	11	11	11	11	11	11
93	31	3	3	2	3	4	4	3	4	4	4	4	4	4	4	4
27	47	8	9	7	8	10	10	9	10	10	10	10	10	10	10	10
73	62	10	9	10	10	11	11	11	11	11	11	11	11	11	11	11
16	27	11	8	11	11	12	12	11	12	12	12	12	12	12	12	12
32	92	7	7	3	7	7	8	7	7	7	7	8	7	8	8	8
97	0	9	8	8	9	9	9	9	9	9	9	9	9	9	9	9
42	84	11	8	11	11	12	12	11	12	12	12	12	12	12	12	12
52	65	8	9	7	8	10	10	9	10	10	10	10	10	10	10	10
29	25	6	7	3	6	7	7	7	7	7	7	7	7	7	7	7
11	72	10	8	8	10	11	11	11	11	11	11	11	11	11	11	11
42	41	10	9	10	9	11	11	10	11	11	11	11	11	11	11	11
62	84	8	4	6	7	8	8	8	8	8	8	8	8	8	8	8
46	100	11	10	11	10	12	12	11	12	12	12	12	12	12	12	12
78	28	8	8	8	7	9	9	8	9	9	9	10	9	10	10	10
36	47	10	11	10	10	13	13	11	13	13	13	13	13	13	13	13
61	21	9	6	9	9	9	9	9	9	9	9	9	9	9	9	9
78	69	9	5	9	9	10	10	10	10	10	10	10	10	10	10	10
92	64	9	11	8	8	11	11	9	11	11	11	12	11	12	12	12
43	85	8	7	8	8	9	9	9	9	9	9	9	9	9	9	9
3	81	7	9	8	7	10	10	8	10	10	10	10	10	10	10	10
72	98	9	10	10	8	12	12	10	12	12	12	12	12	12	12	12
53	97	11	11	10	10	13	13	11	13	13	13	13	13	13	13	13
88	90	10	9	9	10	11	12	11	12	11	12	12	11	12	12	12
46	15	4	4	3	3	5	5	4	5	5	5	5	5	5	5	5
37	4	7	5	7	7	8	8	8	8	8	8	8	8	8	8	8
6	48	10	9	10	10	12	12	11	12	11	12	12	12	12	12	12
46	34	9	9	10	9	10	11	10	11	10	11	11	10	11	11	11
64	90	8	8	5	8	9	9	9	9	9	9	9	9	9	9	9
77	80	7	6	5	6	7	8	7	7	7	8	8	7	8	8	8
86	42	5	8	8	5	9	9	6	9	9	9	9	9	9	9	9
21	58	10	11	10	10	13	13	11	13	13	13	13	13	13	13	13
59	59	10	8	7	10	11	11	11	11	11	11	11	11	11	11	11
81	89	12	9	11	11	13	13	12	13	13	13	13	13	13	13	13
26	2	10	8	10	10	11	11	11	11	11	11	11	11	11	11	11
34	49	9	10	10	8	10	11	9	11	10	11	11	11	11	11	11
84	68	9	10	10	9	12	12	10	12	12	12	12	12	12	12	12
58	45	9	9	8	9	11	11	10	11	11	11	11	11	11	11	11
100	92	0	0	0	0	0	0	0	0	0	0	0	0	0	0	0
