n 48
m 2
tmax 300
0	29	0	0	0
41	11	6	2	6
65	42	6	6	7
55	62	9	9	10
8	46	9	8	10
2	78	7	3	7
87	36	5	4	5
76	61	10	6	10
84	78	4	4	5
54	92	8	5	9
82	43	8	6	9
33	3	8	8	10
45	72	9	5	10
79	53	11	8	12
12	88	10	9	11
30	46	8	10	11
12	37	10	10	12
45	6	9	11	12
98	46	9	8	10
13	64	9	5	10
38	77	10	9	11
40	86	10	8	11
91	21	10	7	11
20	59	11	10	13
50	81	11	10	13
26	26	10	11	12
2	34	11	10	13
75	84	8	10	11
6	58	11	9	13
28	51	12	10	13
50	68	7	7	8
49	51	7	9	9
11	99	9	9	11
99	76	7	9	10
75	5	9	9	10
97	14	5	7	8
9	55	11	8	12
73	82	7	6	7
29	6	8	9	9
54	69	11	10	12
93	76	11	11	13
27	79	9	11	11
73	88	10	9	11
16	19	10	9	11
32	56	9	8	10
97	81	10	7	11
42	36	11	10	13
100	19	0	0	0
