n 48
m 4
tmax 200
0	88	0	0	0	0	0	0	0	0	0	0	0	0	0	0	0
30	46	9	10	11	9	12	12	10	12	12	12	12	12	12	12	12
12	37	11	9	11	11	13	13	12	13	12	13	13	13	13	13	13
45	6	10	9	10	9	11	11	10	11	11	11	11	11	11	11	11
98	46	9	11	11	9	12	12	10	12	12	12	12	12	12	12	12
13	64	11	10	11	10	12	13	11	13	12	13	13	12	13	13	13
38	77	4	8	8	4	8	8	5	8	8	8	8	8	8	8	8
40	86	9	10	9	8	11	11	9	11	11	11	11	11	11	11	11
91	21	11	9	10	10	12	12	11	12	12	12	12	12	12	12	12
20	59	10	7	6	10	10	10	10	10	10	10	10	10	10	10	10
50	81	4	5	5	4	5	5	4	5	5	5	5	5	5	5	5
26	26	11	8	11	11	12	12	12	12	12	12	12	12	12	12	12
2	34	6	7	7	6	7	8	6	8	7	8	8	8	8	8	8
75	84	7	4	6	7	7	7	7	7	7	7	7	7	7	7	7
6	58	8	5	8	8	9	9	8	9	8	9	9	9	9	9	9
28	51	8	9	9	8	10	11	9	11	10	11	11	10	11	11	11
50	68	2	2	2	2	3	3	3	3	3	3	3	3	3	3	3
49	51	11	11	12	10	13	14	12	14	13	14	14	13	14	14	14
11	99	3	4	4	3	4	5	3	5	4	4	5	4	5	5	5
99	76	4	5	4	4	5	5	4	5	5	5	5	5	5	5	5
75	5	6	6	5	6	7	7	7	7	7	7	7	7	7	7	7
97	14	2	2	2	2	2	2	2	2	2	2	2	2	2	2	2
9	55	11	9	11	11	13	13	12	13	12	13	13	13	13	13	13
73	82	8	9	9	7	11	11	9	11	11	11	11	11	11	11	11
29	6	11	9	10	10	12	12	11	12	12	12	12	12	12	12	12
54	69	9	8	7	8	9	10	9	10	9	10	10	10	10	10	10
93	76	6	4	5	6	6	7	6	7	6	7	7	7	7	7	7
27	79	10	11	11	9	13	13	11	13	13	13	13	13	13	13	13
73	88	10	10	9	9	12	12	10	12	12	12	12	12	12	12	12
16	19	8	4	8	8	9	9	8	9	8	9	9	9	9	9	9
32	56	10	10	9	10	12	12	11	12	12	12	12	12	12	12	12
97	81	11	10	10	11	13	13	12	13	13	13	13	13	13	13	13
42	36	7	7	6	7	8	8	8	8	8	8	8	8	8	8	8
52	19	11	9	8	10	12	12	11	12	12	12	12	12	12	12	12
29	48	7	8	7	7	8	8	7	8	8	8	8	8	8	8	8
11	8	10	9	11	10	12	12	11	12	12	12	12	12	12	12	12
42	22	8	6	7	8	9	9	8	9	9	9	9	9	9	9	9
62	86	9	9	8	8	10	10	9	10	10	10	10	10	10	10	10
46	67	11	10	11	10	12	13	11	13	12	13	13	12	13	13	13
78	86	11	11	11	10	13	14	12	14	13	14	14	13	14	14	14
36	84	11	7	11	11	12	12	11	12	11	12	12	12	12	12	12
61	88	11	8	11	11	12	12	12	12	12	12	12	12	12	12	12
78	31	10	8	9	9	10	10	10	10	10	10	10	10	10	10	10
92	47	7	8	8	7	9	9	8	9	9	9	9	9	9	9	9
43	62	8	8	6	8	9	9	8	9	9	9	9	9	9	9	9
3	27	11	8	10	11	12	12	12	12	12	12	13	12	13	13	13
72	92	6	8	7	6	8	8	7	8	8	8	8	8	8	8	8
100	0	0	0	0	0	0	0	0	0	0	0	0	0	0	0	0
