n 48
m 3
tmax 150
0	61	0	0	0	0	0	0	0
84	78	7	9	6	9	9	9	9
54	92	12	9	11	13	13	13	13
82	43	7	9	9	10	10	10	10
33	3	10	9	10	11	11	11	11
45	72	10	8	7	10	11	11	11
79	53	11	9	11	13	13	13	13
12	88	9	10	9	12	12	12	12
30	46	9	11	11	12	12	12	12
12	37	7	7	7	8	8	8	8
45	6	9	10	10	12	12	12	12
98	46	6	3	6	6	6	6	6
13	64	11	6	10	11	11	11	11
38	77	10	11	10	13	13	13	13
40	86	10	10	10	12	12	12	12
91	21	10	6	9	10	10	10	10
20	59	10	8	8	11	11	11	11
50	81	11	10	11	13	13	13	13
26	26	10	7	9	11	11	11	11
2	34	7	7	7	7	7	7	7
75	84	7	4	7	7	8	8	8
6	58	11	9	11	12	12	12	12
28	51	10	7	9	10	10	10	10
50	68	9	7	9	10	10	10	10
49	51	10	8	10	11	11	11	11
11	99	8	9	5	9	9	9	9
99	76	8	10	9	11	11	11	11
75	5	9	8	6	9	9	9	9
97	14	10	7	10	11	11	11	11
9	55	9	6	9	10	10	10	10
73	82	9	7	9	9	10	9	10
29	6	11	8	11	11	11	11	11
54	69	10	6	10	10	10	10	10
93	76	10	5	8	10	10	10	10
27	79	9	11	11	12	12	12	12
73	88	7	7	7	8	8	8	8
16	19	8	9	7	10	10	10	10
32	56	9	10	11	11	11	11	11
97	81	7	5	5	7	7	7	7
42	36	3	1	3	3	3	3	3
52	19	9	9	10	11	11	11	11
29	48	11	9	11	13	13	13	13
11	8	11	11	11	13	14	14	14
42	22	8	9	9	10	10	10	10
62	86	9	7	8	9	9	9	9
46	67	4	7	7	7	8	8	8
78	86	8	10	10	11	11	11	11
100	84	0	0	0	0	0	0	0
